CATEGORY:Monthly|LIMIT:0.0
EXPENSE:40.0|foo|2025-03-28T13:23:59.834829300
EXPENSE:70.0|foo|2025-03-28T13:23:59.834829300
EXPENSE:1.0|foo|2025-03-28T13:23:59.834829300
ALERT:budgetbuddy.model.Alert@50134894
