CATEGORY:Monthly|LIMIT:200.0
EXPENSE:150.0|lunch|2025-03-28T01:33:50.691902500
EXPENSE:460.0|dinner|2025-03-28T01:33:50.691902500
EXPENSE:300.0|eat|2025-03-28T01:34:22.391675100
EXPENSE:300.0|eat|2025-03-28T01:34:22.391675100
ALERT:budgetbuddy.model.Alert@6ae40994
