CATEGORY:Monthly|LIMIT:0.0
EXPENSE:40.0|lunch|2025-03-26T20:09:50.026397
EXPENSE:40.0|lunch|2025-03-26T20:09:50.026417
EXPENSE:480.0|Dinner|2025-03-26T20:09:50.026425
EXPENSE:480.0|Dinner|2025-03-26T20:09:50.026430
ALERT:budgetbuddy.Alert@52cc8049
